{
 "cells": [
  {
   "cell_type": "code",
   "execution_count": 466,
   "metadata": {},
   "outputs": [
    {
     "name": "stderr",
     "output_type": "stream",
     "text": [
      "/home/blitt/.local/lib/python3.8/site-packages/spacy/util.py:837: UserWarning: [W095] Model 'en_core_web_lg' (3.2.0) was trained with spaCy v3.2 and may not be 100% compatible with the current version (3.3.1). If you see errors or degraded performance, download a newer compatible model or retrain your custom model with the current spaCy version. For more details and available updates, run: python -m spacy validate\n",
      "  warnings.warn(warn_msg)\n"
     ]
    }
   ],
   "source": [
    "import pandas as pd\n",
    "import regex as re\n",
    "import numpy as np\n",
    "import copy\n",
    "import spacy\n",
    "from spacy.tokens import Doc\n",
    "from spacy.attrs import LOWER, POS, ENT_TYPE, IS_ALPHA\n",
    "from spacy.matcher import Matcher\n",
    "from spacy.util import filter_spans\n",
    "import re\n",
    "import matplotlib.pyplot as plt\n",
    "from collections import Counter\n",
    "from scipy import spatial\n",
    "from scipy.cluster.hierarchy import dendrogram, linkage\n",
    "from matplotlib import pyplot as plt\n",
    "from matplotlib.patches import Patch\n",
    "from sklearn.decomposition import PCA\n",
    "from sklearn.manifold import TSNE\n",
    "\n",
    "from DocumentWorking import Document\n",
    "import sys, importlib\n",
    "\n",
    "nlp = spacy.load(\"en_core_web_lg\")"
   ]
  },
  {
   "cell_type": "code",
   "execution_count": 467,
   "metadata": {},
   "outputs": [],
   "source": [
    "def getSpans(spaCyDoc): \n",
    "    #now we want to get spans on punctuation \n",
    "    spanList = []\n",
    "    spanStart = 0 \n",
    "    spanEnd = 0\n",
    "    for token in spaCyDoc: \n",
    "        if token.is_punct: \n",
    "            currSpan = spaCyDoc[spanStart:spanEnd]\n",
    "            spanList.append(currSpan)\n",
    "            spanStart = spanEnd + 1\n",
    "        spanEnd += 1\n",
    "    return spanList\n",
    "\n",
    "#this inList will be a list of spans \n",
    "#TODO: make function that adds noun vectors together and uses those. Also consider \n",
    "#how distance should be defined here \n",
    "def extractNouns(inList): \n",
    "    outList = []\n",
    "    #get only nouns from the spans \n",
    "    for item in inList: \n",
    "        tokenList = []\n",
    "        for token in item: \n",
    "            if token.pos_ == \"NOUN\": \n",
    "                tokenList.append(token)\n",
    "        outList.append(tokenList)\n",
    "    return outList\n",
    "\n",
    "def extractPOS(inList, tags): \n",
    "    outList = []\n",
    "    #get only specified parts of speech from spans \n",
    "    for item in inList: \n",
    "        tokenList = []\n",
    "        for token in item: \n",
    "            if token.pos_ in tags: \n",
    "                tokenList.append(token)\n",
    "        outList.append(tokenList)\n",
    "    return outList\n",
    "        \n",
    "    \n",
    "def getSumSentVecs(inList): \n",
    "    outList = []\n",
    "    for innerList in inList: \n",
    "        if len(innerList) > 0: \n",
    "            outList.append(sum([item.vector for item in innerList]))\n",
    "        else: \n",
    "            outList.append(np.array([0 for i in range(0, 300)]))\n",
    "    return outList\n",
    "\n",
    "def getVectorDist(inList): \n",
    "    outerList = []\n",
    "    for i in inList: \n",
    "        innerList = []\n",
    "        for j in inList:\n",
    "            innerList.append(spatial.distance.cosine(i, j))\n",
    "        outerList.append(innerList)\n",
    "    return outerList\n",
    "\n",
    "#input needs to be np.array\n",
    "def getPCAVectorDist(inArr, nComponents): \n",
    "    pca = PCA(n_components=nComponents)\n",
    "    reducedData = pca.fit_transform(np.array(spanSums))\n",
    "    print(str(nComponents) + \" able to explain \" + str(sum(pca.explained_variance_ratio_)) + \" of variance\")\n",
    "    return getVectorDist(reducedData)\n",
    "\n",
    "def getPCANounSimList(inList, nComponents): \n",
    "    nouns = extractNouns(inList)\n",
    "    sentVecs = getSumSentVecs(nouns)\n",
    "    sims = [[1-dist for dist in inner] for inner in getPCAVectorDist(sentVecs, nComponents)]\n",
    "    return sims \n",
    "\n",
    "def getNounSimList(inList): \n",
    "    nouns = extractNouns(inList)\n",
    "    sentVecs = getSumSentVecs(nouns)\n",
    "    sims = [[1 - dist for dist in inner] for inner in getVectorDist(sentVecs)] \n",
    "    return sims \n",
    "\n",
    "def getNounDistList(inList): \n",
    "    nouns = extractNouns(inList)\n",
    "    sentVecs = getSumSentVecs(nouns)\n",
    "    return getVectorDist(sentVecs) \n",
    "\n",
    "def getPOSSimList(inList, tags): \n",
    "    posList = extractPOS(inList, tags)\n",
    "    sentVecs = getSumSentVecs(posList)\n",
    "    sims = [[1 - dist for dist in inner] for inner in getVectorDist(sentVecs)]\n",
    "    return sims"
   ]
  },
  {
   "cell_type": "code",
   "execution_count": 468,
   "metadata": {},
   "outputs": [],
   "source": [
    "#load in Document and nlp modules/objects\n",
    "from DocumentWorking import Document\n",
    "import sys, importlib\n",
    "importlib.reload(sys.modules['DocumentWorking'])\n",
    "\n",
    "doc = Document(\"/home/blitt/Academic/PSC/NLPPipelines/AG2PIAnalytics/AG2PISlides.csv\",nlp,subsetColumns=[\"Persona\", \"Touchpoint\", [\"Touchpoint\", \"Persona\"]])\n",
    "personaDict = doc.getDoubleColSubAttributeDict([\"Touchpoint\", \"Persona\"], \"workingDoc\")"
   ]
  },
  {
   "cell_type": "code",
   "execution_count": 469,
   "metadata": {},
   "outputs": [
    {
     "name": "stdout",
     "output_type": "stream",
     "text": [
      "30 able to explain 0.9466812869338663 of variance\n"
     ]
    },
    {
     "data": {
      "text/plain": [
       "[[0,\n",
       "  1.2619712113308879,\n",
       "  0.9461533919730042,\n",
       "  1.2563591040994728,\n",
       "  1.171562996585179,\n",
       "  0.8764150658131785,\n",
       "  0.8425510744068627,\n",
       "  0.8234781508046416,\n",
       "  0.7655146390431857,\n",
       "  1.003421888157967,\n",
       "  1.087275134925328,\n",
       "  1.2085742194905569,\n",
       "  0.9793099472183592,\n",
       "  0.5034683008063647,\n",
       "  0.625870583544937,\n",
       "  1.3774216167657787,\n",
       "  0.953574238309059,\n",
       "  1.093960345847016,\n",
       "  1.3507212184581012,\n",
       "  0.8425510744068628,\n",
       "  0.8943711331365005,\n",
       "  0.9351284591687952,\n",
       "  1.2782265184261716,\n",
       "  0.949152086108135,\n",
       "  1.2396527819431375,\n",
       "  0.8943711331365004,\n",
       "  1.0970484069927688,\n",
       "  0.946153391973004,\n",
       "  0.625870583544937,\n",
       "  0.9495765850587966,\n",
       "  1.1335797236149596,\n",
       "  0.8363258485265808,\n",
       "  0.9620662999232844,\n",
       "  1.1439631292554475,\n",
       "  0.833209049073054,\n",
       "  0.923471327712588,\n",
       "  1.259274171642916,\n",
       "  0.9766842378071774,\n",
       "  1.0567556894233996,\n",
       "  1.0159138770979712,\n",
       "  1.037651035682167,\n",
       "  0.8552795839296962,\n",
       "  1.0159138770979712,\n",
       "  1.0724923773486077,\n",
       "  1.3372612076795904,\n",
       "  2.220446049250313e-16,\n",
       "  0.6258705835449372,\n",
       "  1.2374504871402021,\n",
       "  1.307362130787854,\n",
       "  0.5821314358549736,\n",
       "  1.0055504752488957,\n",
       "  0.8691195951442795,\n",
       "  0.7840233504078336,\n",
       "  0.6017689072505799,\n",
       "  1.0607214179659323],\n",
       " [1.2619712113308879,\n",
       "  0,\n",
       "  1.0170375912531868,\n",
       "  0.9891885903743528,\n",
       "  0.5244701443305038,\n",
       "  1.186471920500969,\n",
       "  1.194969535255709,\n",
       "  1.018932566605741,\n",
       "  1.2422864043308357,\n",
       "  0.7884563497378771,\n",
       "  0.8050928361846532,\n",
       "  0.9238710160983321,\n",
       "  1.0670755827052527,\n",
       "  1.022131342337949,\n",
       "  1.1382599039927639,\n",
       "  0.7863478429578084,\n",
       "  1.0170732447517752,\n",
       "  0.9002104317904301,\n",
       "  0.7675260006889717,\n",
       "  1.1949695352557093,\n",
       "  1.1032852533160067,\n",
       "  1.1346249209845007,\n",
       "  0.9249448595637121,\n",
       "  1.1151634448440706,\n",
       "  0.9579289300200489,\n",
       "  1.1032852533160067,\n",
       "  1.0824084930598767,\n",
       "  1.017037591253187,\n",
       "  1.1382599039927639,\n",
       "  0.9440760601503793,\n",
       "  0.9687895448594668,\n",
       "  1.1627611644819595,\n",
       "  1.1309587987702774,\n",
       "  1.106413565939139,\n",
       "  1.1762116310967028,\n",
       "  1.1308180257227984,\n",
       "  1.1586285968151873,\n",
       "  1.158213674936236,\n",
       "  1.1054615171346727,\n",
       "  1.0890000099570187,\n",
       "  1.1612218902321312,\n",
       "  1.1263472770758305,\n",
       "  1.0890000099570187,\n",
       "  0.9306512965630123,\n",
       "  0.9574925657816936,\n",
       "  1.261971211330888,\n",
       "  1.1382599039927639,\n",
       "  1.1283012544252982,\n",
       "  0.8634495933425035,\n",
       "  1.229930898024259,\n",
       "  0.8787563419211446,\n",
       "  0.95668240373765,\n",
       "  1.1559971014209662,\n",
       "  1.201131188063458,\n",
       "  0.749996526665448],\n",
       " [0.9461533919730042,\n",
       "  1.0170375912531868,\n",
       "  0,\n",
       "  1.286372948014491,\n",
       "  1.297121221792118,\n",
       "  0.8658848640127315,\n",
       "  1.1800047790014903,\n",
       "  1.1919019938023836,\n",
       "  0.95794537769737,\n",
       "  0.8305207105214542,\n",
       "  0.8886036289445038,\n",
       "  1.1079845901740475,\n",
       "  1.2246927614518128,\n",
       "  0.6404772842204779,\n",
       "  0.5580274420392669,\n",
       "  1.188870623499168,\n",
       "  1.0435517196668034,\n",
       "  1.0996072951614153,\n",
       "  1.1311844666474693,\n",
       "  1.1800047790014903,\n",
       "  0.9317680457608305,\n",
       "  1.2390383543622558,\n",
       "  1.1052358950402783,\n",
       "  0.662260608580099,\n",
       "  1.0124944518435723,\n",
       "  0.9317680457608308,\n",
       "  1.1035433284314415,\n",
       "  0,\n",
       "  0.5580274420392669,\n",
       "  0.9355098208526286,\n",
       "  1.2117020329456418,\n",
       "  0.9653417382063225,\n",
       "  1.0118966298970256,\n",
       "  1.0960983449429844,\n",
       "  0.8703665734072856,\n",
       "  0.7363482715948861,\n",
       "  1.1515995418787313,\n",
       "  1.0936706039292992,\n",
       "  1.0475370354391842,\n",
       "  0.8714413608207291,\n",
       "  0.919927883685011,\n",
       "  0.7726007347494885,\n",
       "  0.8714413608207292,\n",
       "  0.9675417364831038,\n",
       "  1.28674418948775,\n",
       "  0.946153391973004,\n",
       "  0.558027442039267,\n",
       "  1.1978528640629271,\n",
       "  1.080377588053054,\n",
       "  0.8441356797762016,\n",
       "  0.9632803010191417,\n",
       "  0.6125341472588118,\n",
       "  1.1167319335048322,\n",
       "  0.8634266005534357,\n",
       "  1.0412749242142048],\n",
       " [1.2563591040994728,\n",
       "  0.9891885903743528,\n",
       "  1.286372948014491,\n",
       "  0,\n",
       "  0.583692132641027,\n",
       "  1.3508481327918451,\n",
       "  0.7213935638291692,\n",
       "  0.4869987138590547,\n",
       "  0.9334239349013262,\n",
       "  1.334056998151855,\n",
       "  1.3116046231759426,\n",
       "  0.7949341250772402,\n",
       "  0.6925168272833804,\n",
       "  1.6036087188791965,\n",
       "  1.6859601517452174,\n",
       "  0.7181221671280497,\n",
       "  0.9004484304630243,\n",
       "  0.868177853209195,\n",
       "  0.6692491472272848,\n",
       "  0.7213935638291692,\n",
       "  1.339144817747584,\n",
       "  0.5476775476779145,\n",
       "  0.8254577538264376,\n",
       "  1.2556520016803687,\n",
       "  0.8778549891615818,\n",
       "  1.339144817747584,\n",
       "  0.8449177826704145,\n",
       "  1.2863729480144916,\n",
       "  1.6859601517452174,\n",
       "  1.1543187337563627,\n",
       "  0.8489111976475405,\n",
       "  1.4498826508021012,\n",
       "  1.436662092341781,\n",
       "  1.1838975103665206,\n",
       "  1.5782042877981528,\n",
       "  1.3764871204327052,\n",
       "  0.870350740274482,\n",
       "  1.1508537142636917,\n",
       "  1.2393441321280045,\n",
       "  1.391921420717177,\n",
       "  1.0609161981412505,\n",
       "  1.2521360543878701,\n",
       "  1.3919214207171768,\n",
       "  1.0121217613367555,\n",
       "  0.7485579136269276,\n",
       "  1.2563591040994728,\n",
       "  1.6859601517452174,\n",
       "  0.8029905644837788,\n",
       "  0.81930975237139,\n",
       "  1.4280200659868112,\n",
       "  0.9147565733640249,\n",
       "  0.9690646937562158,\n",
       "  0.8436618643546251,\n",
       "  1.2717761342899856,\n",
       "  0.7646768442843082],\n",
       " [1.171562996585179,\n",
       "  0.5244701443305038,\n",
       "  1.297121221792118,\n",
       "  0.583692132641027,\n",
       "  0,\n",
       "  1.3143559231546391,\n",
       "  1.1052017279081392,\n",
       "  0.768191076906366,\n",
       "  1.3063223685502796,\n",
       "  0.9111858233156749,\n",
       "  1.179825539469153,\n",
       "  0.838807916744871,\n",
       "  0.8393169243713368,\n",
       "  1.2987199518012558,\n",
       "  1.6598020193486362,\n",
       "  0.6405454185522808,\n",
       "  0.8645052992584085,\n",
       "  0.9867064865441245,\n",
       "  0.6369146326263617,\n",
       "  1.1052017279081394,\n",
       "  1.3529726541722797,\n",
       "  0.9364858997879119,\n",
       "  0.8560748901025277,\n",
       "  1.5616306480922337,\n",
       "  0.9506968249984626,\n",
       "  1.35297265417228,\n",
       "  1.0416964039021568,\n",
       "  1.2971212217921182,\n",
       "  1.6598020193486365,\n",
       "  1.0409200711242796,\n",
       "  0.7703297907894184,\n",
       "  1.504383335087915,\n",
       "  1.440575756015502,\n",
       "  1.1668423942347288,\n",
       "  1.5176000059737773,\n",
       "  1.387225003445037,\n",
       "  0.9777417912587985,\n",
       "  1.1564058251461742,\n",
       "  1.2082906638341215,\n",
       "  1.4094592776155215,\n",
       "  1.1368303911928965,\n",
       "  1.0773283816067902,\n",
       "  1.4094592776155213,\n",
       "  0.9852882488713525,\n",
       "  0.4227856608176903,\n",
       "  1.1715629965851795,\n",
       "  1.6598020193486365,\n",
       "  0.8076556375960187,\n",
       "  0.9276565053195043,\n",
       "  1.3776504166384038,\n",
       "  0.6987462997326206,\n",
       "  1.315439865834966,\n",
       "  0.5853568437002266,\n",
       "  1.3764095462324335,\n",
       "  0.9122128906543124],\n",
       " [0.8764150658131785,\n",
       "  1.186471920500969,\n",
       "  0.8658848640127315,\n",
       "  1.3508481327918451,\n",
       "  1.3143559231546391,\n",
       "  0,\n",
       "  0.9813289802296483,\n",
       "  1.15218882658754,\n",
       "  0.9102705022848857,\n",
       "  0.998072987529644,\n",
       "  0.911521576987348,\n",
       "  0.8216946371003783,\n",
       "  0.9356288918236736,\n",
       "  0.5591272972984003,\n",
       "  0.5885217384458801,\n",
       "  1.1212883731092274,\n",
       "  1.06495423482244,\n",
       "  0.9333555961661587,\n",
       "  1.170653958670341,\n",
       "  0.9813289802296483,\n",
       "  0.725232137289202,\n",
       "  1.142450067530762,\n",
       "  1.1547838474477887,\n",
       "  0.7683371154120827,\n",
       "  1.219779700974866,\n",
       "  0.7252321372892017,\n",
       "  0.9918490166862787,\n",
       "  0.8658848640127316,\n",
       "  0.5885217384458803,\n",
       "  0.9269447703024702,\n",
       "  1.0065427388210908,\n",
       "  0.7330325779555404,\n",
       "  0.9774884022404259,\n",
       "  1.1371680608650199,\n",
       "  0.9015659234813788,\n",
       "  1.0715637460765177,\n",
       "  1.2079472987458837,\n",
       "  0.9387339985499851,\n",
       "  1.0038286882606724,\n",
       "  0.9326434406393568,\n",
       "  1.0610012072041166,\n",
       "  1.0122022621625717,\n",
       "  0.9326434406393569,\n",
       "  1.31863744356263,\n",
       "  1.3951691707507856,\n",
       "  0.8764150658131786,\n",
       "  0.5885217384458801,\n",
       "  0.4554309223128151,\n",
       "  1.0965842894969038,\n",
       "  0.7494984923281712,\n",
       "  1.0738557160230757,\n",
       "  0.8490901067819199,\n",
       "  0.9765258337903298,\n",
       "  1.0879791847412665,\n",
       "  1.3746777873055438],\n",
       " [0.8425510744068627,\n",
       "  1.194969535255709,\n",
       "  1.1800047790014903,\n",
       "  0.7213935638291692,\n",
       "  1.1052017279081392,\n",
       "  0.9813289802296483,\n",
       "  0,\n",
       "  0.6291656480745715,\n",
       "  0.33465340587217207,\n",
       "  1.2482687501839942,\n",
       "  1.1889139673005475,\n",
       "  0.9936517860620612,\n",
       "  0.8804294974762717,\n",
       "  1.304133885692957,\n",
       "  1.0879207986970618,\n",
       "  1.142576012374628,\n",
       "  1.0632751665621305,\n",
       "  1.203398870179253,\n",
       "  1.1428167607405872,\n",
       "  0,\n",
       "  1.033366918955744,\n",
       "  0.06860940600207444,\n",
       "  1.1166692076418019,\n",
       "  1.1146605149686384,\n",
       "  0.939821874763017,\n",
       "  1.033366918955744,\n",
       "  0.7456915965229385,\n",
       "  1.1800047790014905,\n",
       "  1.0879207986970618,\n",
       "  1.142058123307105,\n",
       "  1.0858169177592054,\n",
       "  1.0564659956869804,\n",
       "  1.1346595940793134,\n",
       "  1.2842081133838918,\n",
       "  1.19038077232889,\n",
       "  1.1765283337028907,\n",
       "  1.0363157062622121,\n",
       "  1.0466598678947219,\n",
       "  1.1137390020523585,\n",
       "  1.3212962873930656,\n",
       "  1.0236207598961276,\n",
       "  1.0811462702395815,\n",
       "  1.3212962873930656,\n",
       "  1.0737328280643814,\n",
       "  1.1203833519206392,\n",
       "  0.8425510744068627,\n",
       "  1.0879207986970618,\n",
       "  0.913143328811363,\n",
       "  1.060431160407652,\n",
       "  0.921429545130223,\n",
       "  1.2246135551887365,\n",
       "  1.1947987295622284,\n",
       "  0.8413246876927485,\n",
       "  0.9128554455444295,\n",
       "  1.0978930354215817],\n",
       " [0.8234781508046416,\n",
       "  1.018932566605741,\n",
       "  1.1919019938023836,\n",
       "  0.4869987138590547,\n",
       "  0.768191076906366,\n",
       "  1.15218882658754,\n",
       "  0.6291656480745715,\n",
       "  0,\n",
       "  1.0089549048342878,\n",
       "  1.4794831853707642,\n",
       "  1.507584613216407,\n",
       "  1.010350544571672,\n",
       "  0.7922148433320155,\n",
       "  1.3165504107360442,\n",
       "  1.5063703327606093,\n",
       "  0.7194327498837483,\n",
       "  0.7380189237345508,\n",
       "  1.1352111694522675,\n",
       "  0.914499398853265,\n",
       "  0.6291656480745714,\n",
       "  1.3551187617226648,\n",
       "  0.5794686922599359,\n",
       "  0.6832643679416768,\n",
       "  1.1440400669683,\n",
       "  0.7089273286461734,\n",
       "  1.355118761722665,\n",
       "  0.908649166466414,\n",
       "  1.191901993802384,\n",
       "  1.5063703327606093,\n",
       "  1.150095826771935,\n",
       "  1.093841307473745,\n",
       "  1.2816592110930656,\n",
       "  1.4086354298457953,\n",
       "  1.1932471762856705,\n",
       "  1.39677471270068,\n",
       "  1.2990871813028773,\n",
       "  0.8518751886284337,\n",
       "  1.0609839179045109,\n",
       "  1.151677599767812,\n",
       "  1.4135798356340086,\n",
       "  0.9040199595994707,\n",
       "  1.214302682995051,\n",
       "  1.4135798356340086,\n",
       "  0.993624722097893,\n",
       "  0.892722906301857,\n",
       "  0.8234781508046416,\n",
       "  1.5063703327606093,\n",
       "  0.8129888863802194,\n",
       "  1.2118023709781671,\n",
       "  1.256213165651332,\n",
       "  1.0474048609005795,\n",
       "  1.0638949025287698,\n",
       "  0.8162668831570896,\n",
       "  1.3231117242072323,\n",
       "  1.0188922186885545],\n",
       " [0.7655146390431857,\n",
       "  1.2422864043308357,\n",
       "  0.95794537769737,\n",
       "  0.9334239349013262,\n",
       "  1.3063223685502796,\n",
       "  0.9102705022848857,\n",
       "  0.33465340587217207,\n",
       "  1.0089549048342878,\n",
       "  0,\n",
       "  0.9526408765827301,\n",
       "  0.9963792251224993,\n",
       "  0.9881058873018009,\n",
       "  1.0514141025339465,\n",
       "  1.0008871206438903,\n",
       "  0.5812154260523126,\n",
       "  1.3475635992934258,\n",
       "  0.9710878624901637,\n",
       "  1.0933570541638484,\n",
       "  1.3862564111592426,\n",
       "  0.3346534058721723,\n",
       "  0.9362365888127603,\n",
       "  0.3196345039246097,\n",
       "  1.4010906528869513,\n",
       "  0.7608588304369425,\n",
       "  1.2973463871715922,\n",
       "  0.9362365888127604,\n",
       "  0.7056005348576002,\n",
       "  0.95794537769737,\n",
       "  0.5812154260523126,\n",
       "  1.2399196332694087,\n",
       "  0.8298154251246898,\n",
       "  0.9111300830264071,\n",
       "  0.8527351861523369,\n",
       "  1.1362461902687113,\n",
       "  0.9436917032030119,\n",
       "  0.7542750974880722,\n",
       "  1.2745909876652846,\n",
       "  1.1246592066983714,\n",
       "  1.0237422960239548,\n",
       "  1.1035433506636254,\n",
       "  1.0633518329865739,\n",
       "  0.7985857918286082,\n",
       "  1.1035433506636254,\n",
       "  1.1861951290277255,\n",
       "  1.208493148474611,\n",
       "  0.7655146390431856,\n",
       "  0.5812154260523126,\n",
       "  1.3338252943644588,\n",
       "  1.365561686627059,\n",
       "  0.60076340569892,\n",
       "  1.2116723552526305,\n",
       "  0.9501710710561485,\n",
       "  0.8969899120077448,\n",
       "  0.6189151574058911,\n",
       "  1.0792525310799044],\n",
       " [1.003421888157967,\n",
       "  0.7884563497378771,\n",
       "  0.8305207105214542,\n",
       "  1.334056998151855,\n",
       "  0.9111858233156749,\n",
       "  0.998072987529644,\n",
       "  1.2482687501839942,\n",
       "  1.4794831853707642,\n",
       "  0.9526408765827301,\n",
       "  0,\n",
       "  0.7444947774563093,\n",
       "  1.0935272971933525,\n",
       "  1.185570209899409,\n",
       "  0.618279353694523,\n",
       "  0.6684487804253543,\n",
       "  0.6120128820861648,\n",
       "  0.9524810223145731,\n",
       "  0.9991700509720455,\n",
       "  1.191817601224777,\n",
       "  1.2482687501839944,\n",
       "  0.8176160267733534,\n",
       "  1.2410923873771247,\n",
       "  1.1170693860116852,\n",
       "  1.0031409897081853,\n",
       "  1.2319064028101037,\n",
       "  0.8176160267733533,\n",
       "  1.1626525175014537,\n",
       "  0.8305207105214539,\n",
       "  0.6684487804253545,\n",
       "  1.0642246727284348,\n",
       "  1.1012456917299034,\n",
       "  1.0481240735359787,\n",
       "  0.9383773372927618,\n",
       "  0.9189255315500338,\n",
       "  0.9607456269955371,\n",
       "  0.9671641723918787,\n",
       "  1.2883914884717753,\n",
       "  1.2122915858223404,\n",
       "  0.9533416581033618,\n",
       "  0.7474029985009218,\n",
       "  1.128212633648142,\n",
       "  0.9195762170543625,\n",
       "  0.7474029985009218,\n",
       "  1.2058252642834364,\n",
       "  0.8691487634112726,\n",
       "  1.003421888157967,\n",
       "  0.6684487804253545,\n",
       "  1.2322700113868132,\n",
       "  1.0617907194189435,\n",
       "  0.8260178961162222,\n",
       "  1.009397777097595,\n",
       "  0.9226347823556658,\n",
       "  1.241969504037576,\n",
       "  0.6940136093960956,\n",
       "  1.0284443890504404],\n",
       " [1.087275134925328,\n",
       "  0.8050928361846532,\n",
       "  0.8886036289445038,\n",
       "  1.3116046231759426,\n",
       "  1.179825539469153,\n",
       "  0.911521576987348,\n",
       "  1.1889139673005475,\n",
       "  1.507584613216407,\n",
       "  0.9963792251224993,\n",
       "  0.7444947774563093,\n",
       "  0,\n",
       "  0.9997945381274276,\n",
       "  1.3074242002880485,\n",
       "  0.9435940217639951,\n",
       "  0.6111163824090198,\n",
       "  1.2227256984072057,\n",
       "  1.1919073163736742,\n",
       "  1.0392584173764587,\n",
       "  0.9638399302428879,\n",
       "  1.1889139673005478,\n",
       "  0.9780609923372757,\n",
       "  1.2518742989688016,\n",
       "  1.3096564467496732,\n",
       "  0.7331465812523477,\n",
       "  1.1843082720443505,\n",
       "  0.9780609923372757,\n",
       "  1.1486140923832,\n",
       "  0.8886036289445038,\n",
       "  0.6111163824090196,\n",
       "  1.0351209893041315,\n",
       "  1.200691488667873,\n",
       "  0.43085244757486596,\n",
       "  0.32962224482558267,\n",
       "  0.8926119295684501,\n",
       "  0.4332874939232785,\n",
       "  0.7085256414413024,\n",
       "  1.2887269139296418,\n",
       "  1.1400877968400653,\n",
       "  1.0143503638737648,\n",
       "  0.7546541559561577,\n",
       "  1.1688979489220497,\n",
       "  0.8367975685823883,\n",
       "  0.7546541559561578,\n",
       "  0.9928327240428796,\n",
       "  1.212303065180879,\n",
       "  1.087275134925328,\n",
       "  0.6111163824090196,\n",
       "  1.0534982748557653,\n",
       "  0.49496455693503616,\n",
       "  0.8856765711943843,\n",
       "  1.0790687894354114,\n",
       "  0.8283646888412081,\n",
       "  1.225246675906632,\n",
       "  0.7942767634998066,\n",
       "  0.7746274632015755],\n",
       " [1.2085742194905569,\n",
       "  0.9238710160983321,\n",
       "  1.1079845901740475,\n",
       "  0.7949341250772402,\n",
       "  0.838807916744871,\n",
       "  0.8216946371003783,\n",
       "  0.9936517860620612,\n",
       "  1.010350544571672,\n",
       "  0.9881058873018009,\n",
       "  1.0935272971933525,\n",
       "  0.9997945381274276,\n",
       "  0,\n",
       "  0.5976660342618642,\n",
       "  1.293652748067874,\n",
       "  1.2180580479085852,\n",
       "  1.0181805917730755,\n",
       "  0.9372705933376475,\n",
       "  0.8648296057105443,\n",
       "  0.5717148576626226,\n",
       "  0.9936517860620614,\n",
       "  1.1163435141402243,\n",
       "  0.9641385155359321,\n",
       "  0.9621043659743144,\n",
       "  1.1598570389015217,\n",
       "  1.1907138722457753,\n",
       "  1.1163435141402243,\n",
       "  0.6978178627549358,\n",
       "  1.1079845901740477,\n",
       "  1.2180580479085854,\n",
       "  1.0783556481309327,\n",
       "  0.9067131845624975,\n",
       "  1.035908510309138,\n",
       "  1.077396650888648,\n",
       "  1.0487722920597358,\n",
       "  1.0694607618912066,\n",
       "  1.4828116512975664,\n",
       "  0.998219229619397,\n",
       "  0.8418015482167874,\n",
       "  1.1561433910812222,\n",
       "  1.2296712632084912,\n",
       "  1.105491690442542,\n",
       "  1.3062476916218384,\n",
       "  1.229671263208491,\n",
       "  1.1044176259359555,\n",
       "  0.9400203734600094,\n",
       "  1.208574219490557,\n",
       "  1.2180580479085852,\n",
       "  0.8110714189448502,\n",
       "  1.1268126974539814,\n",
       "  1.054826010154556,\n",
       "  1.024223978096164,\n",
       "  1.186842815798585,\n",
       "  1.0210280778625955,\n",
       "  1.1652575334509765,\n",
       "  1.064657985922829],\n",
       " [0.9793099472183592,\n",
       "  1.0670755827052527,\n",
       "  1.2246927614518128,\n",
       "  0.6925168272833804,\n",
       "  0.8393169243713368,\n",
       "  0.9356288918236736,\n",
       "  0.8804294974762717,\n",
       "  0.7922148433320155,\n",
       "  1.0514141025339465,\n",
       "  1.185570209899409,\n",
       "  1.3074242002880485,\n",
       "  0.5976660342618642,\n",
       "  0,\n",
       "  1.094532720208618,\n",
       "  1.3824435300874023,\n",
       "  0.7633404288906429,\n",
       "  1.0751128522972597,\n",
       "  0.7382625961748898,\n",
       "  0.953421768823162,\n",
       "  0.8804294974762717,\n",
       "  1.1504816395281865,\n",
       "  0.8684470134952118,\n",
       "  0.9549701126410655,\n",
       "  1.2080969785500864,\n",
       "  1.0204644889391616,\n",
       "  1.1504816395281867,\n",
       "  0.875274151812248,\n",
       "  1.2246927614518133,\n",
       "  1.3824435300874023,\n",
       "  1.0960336941078797,\n",
       "  0.804311929715612,\n",
       "  1.152502157609633,\n",
       "  1.2985122099384394,\n",
       "  1.1767085364743097,\n",
       "  1.3326017976803857,\n",
       "  1.464731931298406,\n",
       "  0.9859145448338072,\n",
       "  1.1091213972488392,\n",
       "  1.0780268339588572,\n",
       "  1.2500441147656476,\n",
       "  1.04341626395114,\n",
       "  1.3524995902715398,\n",
       "  1.2500441147656476,\n",
       "  1.0563710663238954,\n",
       "  0.9505063037619018,\n",
       "  0.9793099472183595,\n",
       "  1.3824435300874023,\n",
       "  0.7615454933643425,\n",
       "  1.0496265143014831,\n",
       "  1.1482625846991077,\n",
       "  0.9940583811601853,\n",
       "  1.201316637249584,\n",
       "  0.6967530850810294,\n",
       "  1.1830245497952219,\n",
       "  1.0233023197053288],\n",
       " [0.5034683008063647,\n",
       "  1.022131342337949,\n",
       "  0.6404772842204779,\n",
       "  1.6036087188791965,\n",
       "  1.2987199518012558,\n",
       "  0.5591272972984003,\n",
       "  1.304133885692957,\n",
       "  1.3165504107360442,\n",
       "  1.0008871206438903,\n",
       "  0.618279353694523,\n",
       "  0.9435940217639951,\n",
       "  1.293652748067874,\n",
       "  1.094532720208618,\n",
       "  0,\n",
       "  0.32172547804690665,\n",
       "  1.1986337085343512,\n",
       "  0.9196693917434885,\n",
       "  0.8559159929411904,\n",
       "  1.2619521556527495,\n",
       "  1.3041338856929572,\n",
       "  0.7242399696584887,\n",
       "  1.4473490463352088,\n",
       "  1.384583819978774,\n",
       "  0.737194696065889,\n",
       "  1.1955604815325827,\n",
       "  0.7242399696584885,\n",
       "  1.2862361305884815,\n",
       "  0.6404772842204776,\n",
       "  0.32172547804690677,\n",
       "  0.7074767656850296,\n",
       "  1.170917317046917,\n",
       "  0.7996006127074787,\n",
       "  0.8450060580678183,\n",
       "  1.0424857490812625,\n",
       "  0.6973518621005009,\n",
       "  0.799847049019049,\n",
       "  1.3123965813805145,\n",
       "  1.1411610720375103,\n",
       "  1.031177386115267,\n",
       "  0.6543579687951582,\n",
       "  1.0421842243906405,\n",
       "  0.760939090151474,\n",
       "  0.6543579687951584,\n",
       "  1.0609922978272959,\n",
       "  1.4796698528385397,\n",
       "  0.503468300806365,\n",
       "  0.32172547804690677,\n",
       "  1.2593572245166171,\n",
       "  1.3548119094271085,\n",
       "  0.6586107245589571,\n",
       "  0.8922476639547599,\n",
       "  0.6172085891627788,\n",
       "  0.9531459929011944,\n",
       "  0.708591564185324,\n",
       "  1.1642051342756774],\n",
       " [0.625870583544937,\n",
       "  1.1382599039927639,\n",
       "  0.5580274420392669,\n",
       "  1.6859601517452174,\n",
       "  1.6598020193486362,\n",
       "  0.5885217384458801,\n",
       "  1.0879207986970618,\n",
       "  1.5063703327606093,\n",
       "  0.5812154260523126,\n",
       "  0.6684487804253543,\n",
       "  0.6111163824090198,\n",
       "  1.2180580479085852,\n",
       "  1.3824435300874023,\n",
       "  0.32172547804690665,\n",
       "  0,\n",
       "  1.4936331555436524,\n",
       "  1.0306474826625676,\n",
       "  1.0587495470857815,\n",
       "  1.434593034169213,\n",
       "  1.0879207986970618,\n",
       "  0.5635449957755241,\n",
       "  1.2566228812373654,\n",
       "  1.3810590190410064,\n",
       "  0.3791978905224499,\n",
       "  1.3203581569119716,\n",
       "  0.5635449957755241,\n",
       "  1.0987912909288022,\n",
       "  0.5580274420392666,\n",
       "  2.220446049250313e-16,\n",
       "  0.908737253220467,\n",
       "  1.1649531950296694,\n",
       "  0.5195765995435409,\n",
       "  0.5222192219461093,\n",
       "  0.9582209909146026,\n",
       "  0.502218166397215,\n",
       "  0.42965779018246664,\n",
       "  1.3863081702298898,\n",
       "  1.0184291970256978,\n",
       "  0.8971507754196498,\n",
       "  0.6058375790031922,\n",
       "  0.9850473685975859,\n",
       "  0.6266648604321994,\n",
       "  0.6058375790031924,\n",
       "  1.2093142185709016,\n",
       "  1.5572250629364233,\n",
       "  0.6258705835449367,\n",
       "  2.220446049250313e-16,\n",
       "  1.4463803760011833,\n",
       "  1.265803825010343,\n",
       "  0.39430217651085675,\n",
       "  1.1402198154799792,\n",
       "  0.5538428530875643,\n",
       "  1.1743036225691115,\n",
       "  0.5165816681747472,\n",
       "  1.1713421111067968],\n",
       " [1.3774216167657787,\n",
       "  0.7863478429578084,\n",
       "  1.188870623499168,\n",
       "  0.7181221671280497,\n",
       "  0.6405454185522808,\n",
       "  1.1212883731092274,\n",
       "  1.142576012374628,\n",
       "  0.7194327498837483,\n",
       "  1.3475635992934258,\n",
       "  0.6120128820861648,\n",
       "  1.2227256984072057,\n",
       "  1.0181805917730755,\n",
       "  0.7633404288906429,\n",
       "  1.1986337085343512,\n",
       "  1.4936331555436524,\n",
       "  0,\n",
       "  0.9778133740866969,\n",
       "  0.8657478931865229,\n",
       "  0.8449948783114133,\n",
       "  1.1425760123746282,\n",
       "  1.1426359801198873,\n",
       "  1.0308389569839593,\n",
       "  0.6715814323951874,\n",
       "  1.2133531481488433,\n",
       "  0.8861838067872798,\n",
       "  1.1426359801198873,\n",
       "  0.9506797548952876,\n",
       "  1.1888706234991682,\n",
       "  1.4936331555436526,\n",
       "  1.1697209014794512,\n",
       "  0.9780617812402965,\n",
       "  1.2017738380628773,\n",
       "  1.332900000209754,\n",
       "  1.000745209475555,\n",
       "  1.332721231899459,\n",
       "  1.3197072485059307,\n",
       "  0.9077414891791038,\n",
       "  1.1284883297134554,\n",
       "  0.9486908656468741,\n",
       "  1.1383730703481099,\n",
       "  1.0322992607617407,\n",
       "  1.3555183230448113,\n",
       "  1.1383730703481096,\n",
       "  1.17148821424253,\n",
       "  0.6121322478455904,\n",
       "  1.3774216167657787,\n",
       "  1.4936331555436526,\n",
       "  0.7043962853363965,\n",
       "  0.9083815113115361,\n",
       "  1.3293970007542542,\n",
       "  1.0306848738516439,\n",
       "  1.2465796916896763,\n",
       "  1.0932179308584575,\n",
       "  1.3577723716016563,\n",
       "  1.090288090731661],\n",
       " [0.953574238309059,\n",
       "  1.0170732447517752,\n",
       "  1.0435517196668034,\n",
       "  0.9004484304630243,\n",
       "  0.8645052992584085,\n",
       "  1.06495423482244,\n",
       "  1.0632751665621305,\n",
       "  0.7380189237345508,\n",
       "  0.9710878624901637,\n",
       "  0.9524810223145731,\n",
       "  1.1919073163736742,\n",
       "  0.9372705933376475,\n",
       "  1.0751128522972597,\n",
       "  0.9196693917434885,\n",
       "  1.0306474826625676,\n",
       "  0.9778133740866969,\n",
       "  0,\n",
       "  0.9456104815326601,\n",
       "  0.9461797505383308,\n",
       "  1.0632751665621303,\n",
       "  1.0580498903117248,\n",
       "  1.031658772167532,\n",
       "  0.9481039227080322,\n",
       "  0.8947577179016226,\n",
       "  1.1775888432893298,\n",
       "  1.0580498903117248,\n",
       "  1.0004088874348946,\n",
       "  1.043551719666803,\n",
       "  1.0306474826625673,\n",
       "  0.9688050246808725,\n",
       "  0.9608221865036305,\n",
       "  1.313856372888694,\n",
       "  1.0778662078718118,\n",
       "  1.0076453300299084,\n",
       "  1.1472412611639584,\n",
       "  1.0785146506416186,\n",
       "  1.1058334267501801,\n",
       "  1.0792837720128203,\n",
       "  1.1015105339416822,\n",
       "  1.1446731569705075,\n",
       "  1.0414911364616308,\n",
       "  1.0600946104888922,\n",
       "  1.1446731569705075,\n",
       "  1.0509258121634335,\n",
       "  1.0016715260423967,\n",
       "  0.953574238309059,\n",
       "  1.0306474826625673,\n",
       "  1.0835449973308278,\n",
       "  1.2001302022645362,\n",
       "  0.9776446536753812,\n",
       "  0.9355401945996006,\n",
       "  1.0126914089375472,\n",
       "  0.9751298655931558,\n",
       "  1.016317903085293,\n",
       "  1.0527894330414427],\n",
       " [1.093960345847016,\n",
       "  0.9002104317904301,\n",
       "  1.0996072951614153,\n",
       "  0.868177853209195,\n",
       "  0.9867064865441245,\n",
       "  0.9333555961661587,\n",
       "  1.203398870179253,\n",
       "  1.1352111694522675,\n",
       "  1.0933570541638484,\n",
       "  0.9991700509720455,\n",
       "  1.0392584173764587,\n",
       "  0.8648296057105443,\n",
       "  0.7382625961748898,\n",
       "  0.8559159929411904,\n",
       "  1.0587495470857815,\n",
       "  0.8657478931865229,\n",
       "  0.9456104815326601,\n",
       "  0,\n",
       "  0.7129314628768233,\n",
       "  1.203398870179253,\n",
       "  0.9962150775908574,\n",
       "  1.1601968645413363,\n",
       "  0.9843258283056213,\n",
       "  0.9124721138384735,\n",
       "  1.223709772847355,\n",
       "  0.9962150775908571,\n",
       "  0.996335089327297,\n",
       "  1.0996072951614153,\n",
       "  1.0587495470857815,\n",
       "  0.9570029968188006,\n",
       "  0.7931594703620941,\n",
       "  1.117442950404628,\n",
       "  0.9922050196566269,\n",
       "  1.0360108739810705,\n",
       "  1.1383693839769347,\n",
       "  1.1089476874422635,\n",
       "  1.1854258903551893,\n",
       "  1.1592450899635423,\n",
       "  1.1567186912963583,\n",
       "  1.1662251919889681,\n",
       "  1.1158354434968814,\n",
       "  1.2336848987781335,\n",
       "  1.1662251919889681,\n",
       "  1.173623757246876,\n",
       "  1.0049485611090623,\n",
       "  1.0939603458470162,\n",
       "  1.0587495470857815,\n",
       "  0.9484926734874762,\n",
       "  0.9614675253183045,\n",
       "  1.1301973197770716,\n",
       "  0.9815446253967117,\n",
       "  0.9706227462157796,\n",
       "  0.9840128628625701,\n",
       "  0.95321720339108,\n",
       "  0.8560594691678984],\n",
       " [1.3507212184581012,\n",
       "  0.7675260006889717,\n",
       "  1.1311844666474693,\n",
       "  0.6692491472272848,\n",
       "  0.6369146326263617,\n",
       "  1.170653958670341,\n",
       "  1.1428167607405872,\n",
       "  0.914499398853265,\n",
       "  1.3862564111592426,\n",
       "  1.191817601224777,\n",
       "  0.9638399302428879,\n",
       "  0.5717148576626226,\n",
       "  0.953421768823162,\n",
       "  1.2619521556527495,\n",
       "  1.434593034169213,\n",
       "  0.8449948783114133,\n",
       "  0.9461797505383308,\n",
       "  0.7129314628768233,\n",
       "  0,\n",
       "  1.1428167607405872,\n",
       "  1.3035790504471318,\n",
       "  1.1219364604641227,\n",
       "  0.9412756668598307,\n",
       "  1.0482228427133755,\n",
       "  0.9916562699315744,\n",
